154 182 195 193 192 193 196 194 191 182 177 175 173 166 161 159 159 151 132 97 64 56 70 80 97 110 121 121 116 116 116 116 115 114 114 111 108 103 101 100 95 95 95 97 100 101 99 97 92 87 81 77 72 66 60 58 57 59 63 67 70 76 86 95 114 123 127 126 142 161 162 154 144 151 160 164 165 166 166 167 168 174 173 167 167 165 167 172 177 180 174 178 177 166 155 148 143 145 140 117
156 181 193 192 193 196 197 194 187 181 179 177 173 167 160 158 157 148 127 91 57 47 53 57 76 92 111 117 117 117 117 117 117 115 113 113 110 106 102 102 97 95 94 96 98 99 98 96 93 89 82 75 69 64 59 57 57 57 60 64 69 74 85 94 110 120 127 133 149 163 158 149 147 151 158 160 162 161 164 165 168 171 171 173 183 184 178 172 172 178 182 189 191 182 166 148 146 157 158 136
155 180 192 191 193 195 194 190 185 182 179 176 170 163 158 155 153 148 125 87 52 43 46 46 54 73 95 110 116 117 118 119 117 116 113 113 112 109 105 104 98 95 92 92 94 97 97 97 94 90 82 76 69 63 58 56 57 57 59 63 66 75 86 96 107 118 126 140 159 162 149 143 147 150 152 155 156 157 160 162 166 167 168 179 203 209 194 177 169 180 192 205 213 209 192 166 162 189 210 201
154 179 191 192 195 196 194 189 186 181 175 173 168 163 157 154 152 149 125 83 50 42 46 48 48 58 76 96 110 117 120 120 117 115 112 112 112 111 107 106 100 96 91 90 93 95 98 98 95 92 85 79 71 64 59 57 57 58 59 62 65 72 85 98 109 115 126 146 163 154 140 137 143 145 148 149 151 153 158 160 163 164 164 181 212 222 204 180 169 182 203 220 225 228 218 195 193 220 241 245
157 183 194 193 196 196 197 192 185 178 174 171 170 163 155 151 151 148 124 83 51 43 46 49 48 49 59 78 99 114 120 122 118 113 111 110 112 111 108 108 102 98 92 89 90 93 97 98 96 93 87 82 74 67 61 58 57 57 59 61 62 68 83 95 108 114 128 152 162 145 130 132 138 139 142 145 148 151 154 155 157 158 160 176 208 223 207 185 171 183 211 225 224 226 224 213 217 232 241 247
160 183 194 193 193 193 192 190 182 176 172 171 165 155 149 149 148 144 115 76 50 45 49 51 48 45 47 63 86 107 120 124 119 115 110 110 110 110 109 108 107 101 95 89 88 92 93 96 94 91 87 83 77 70 63 59 58 58 61 61 62 67 79 92 101 113 137 159 157 137 125 128 131 134 137 142 143 146 149 152 154 156 157 173 206 223 210 192 175 189 217 228 221 221 223 221 226 234 236 244
157 180 194 194 193 191 190 185 181 176 170 167 160 154 161 174 179 157 110 64 42 43 47 51 49 44 42 49 67 91 112 123 119 115 110 110 109 111 110 110 108 103 94 89 88 90 91 92 93 90 87 84 79 71 64 60 59 59 60 61 62 66 77 87 96 116 147 161 147 130 123 124 125 129 132 135 137 140 145 148 154 153 152 170 205 222 213 198 180 194 220 227 221 221 224 226 228 234 236 242
149 176 192 198 200 199 195 190 180 174 168 165 159 165 189 218 232 193 125 65 43 44 49 50 50 46 40 39 49 73 101 116 121 117 111 110 110 111 111 111 108 102 95 89 89 88 90 92 91 90 87 83 80 73 65 61 59 59 59 59 61 64 74 81 95 122 154 159 139 126 124 122 120 124 127 128 132 136 142 146 150 148 148 167 203 223 213 198 184 196 221 224 220 223 225 227 230 236 237 241
142 173 201 214 216 220 219 199 179 172 172 163 157 183 221 242 248 243 171 75 40 43 44 49 50 46 41 38 42 54 79 108 118 122 116 111 112 111 110 108 107 101 94 91 89 86 88 89 93 86 85 85 82 75 69 63 60 60 60 61 60 64 71 74 95 130 160 152 132 122 119 119 122 122 121 125 131 132 137 144 145 147 146 158 189 218 216 204 186 198 221 225 221 224 225 229 231 237 235 240
147 177 209 227 232 238 235 218 191 173 164 155 163 197 233 247 252 253 199 91 29 36 49 45 47 48 43 37 34 39 63 92 113 121 118 113 111 107 106 105 107 101 94 90 90 90 91 92 89 87 85 85 79 73 68 63 59 58 60 61 61 64 69 76 101 137 155 139 123 120 119 116 115 119 139 152 142 135 136 138 142 142 144 152 174 208 219 207 192 199 218 224 220 223 226 231 235 232 241 249
145 178 219 235 235 241 241 237 209 177 157 151 171 212 240 245 252 254 207 100 28 32 47 44 44 46 44 38 31 30 48 77 104 117 119 114 109 103 101 101 102 100 96 93 90 91 90 90 89 87 86 84 80 77 72 65 59 57 60 60 61 63 66 82 114 146 145 124 117 115 117 112 109 119 160 189 179 168 164 154 143 137 140 147 162 195 216 205 197 197 210 221 220 222 226 235 234 236 246 235
141 174 221 237 233 236 242 246 223 182 157 161 186 222 242 242 245 254 226 156 95 56 38 44 45 46 40 37 32 30 42 63 90 109 117 114 107 100 99 98 96 98 97 93 90 90 91 92 91 86 84 82 80 80 74 66 62 57 58 57 61 64 69 95 130 148 130 114 114 113 111 109 106 118 165 208 212 207 205 194 166 146 137 141 154 183 206 206 196 192 201 215 217 216 225 234 238 249 241 199
135 163 211 238 238 236 238 243 230 181 160 176 205 233 245 243 242 248 247 236 206 133 59 36 46 44 38 35 32 29 36 53 79 103 112 111 108 100 99 96 95 96 95 91 90 92 95 93 91 88 84 83 80 80 76 67 62 57 59 59 62 64 73 103 137 143 121 107 112 110 110 109 105 113 150 198 220 221 220 223 205 178 152 140 149 169 192 204 193 186 192 206 207 205 211 219 232 234 207 174
123 150 200 237 242 236 234 236 222 175 161 191 222 241 244 242 244 242 249 254 253 216 127 48 39 42 40 34 30 28 35 49 73 97 109 109 106 101 96 93 93 93 93 93 95 93 90 84 86 84 84 82 80 78 76 71 64 60 63 64 61 62 77 109 140 133 110 100 106 109 113 113 109 105 125 173 215 221 216 222 228 215 185 160 154 161 173 186 188 184 186 193 192 189 194 194 190 173 156 172
115 136 179 225 239 236 237 240 212 174 174 209 236 243 241 242 243 245 248 245 253 249 171 69 31 41 42 35 30 28 33 44 65 91 106 106 105 100 95 90 89 90 92 92 91 87 84 81 79 76 76 79 80 78 74 69 64 60 62 62 59 63 90 125 134 106 84 88 101 111 118 119 117 106 104 142 198 220 215 213 224 228 217 198 179 168 167 174 185 184 184 185 181 179 181 175 157 132 130 173
111 119 151 200 228 234 241 241 209 181 192 230 247 246 242 245 244 242 245 245 254 248 161 55 30 40 41 36 31 29 31 38 61 87 101 105 104 100 94 89 88 90 90 86 80 77 84 94 84 78 75 82 85 82 74 65 62 57 55 59 56 66 107 144 121 73 57 76 102 115 119 121 120 110 96 114 170 213 219 212 215 224 230 225 204 183 176 181 184 186 183 180 177 176 178 167 158 137 138 171
135 128 144 175 202 222 229 226 196 179 210 241 249 245 243 246 243 246 242 246 254 221 117 29 19 36 44 33 32 29 25 38 68 100 110 101 97 97 94 91 89 85 85 81 78 94 127 153 145 118 88 78 80 80 70 60 62 50 52 60 66 95 129 141 109 78 76 86 102 110 113 120 118 120 111 98 125 184 218 218 215 219 228 230 218 198 186 186 186 182 178 178 182 181 177 170 166 161 154 154
183 179 175 169 174 189 198 196 178 172 202 229 241 245 248 242 241 245 245 249 252 217 140 81 44 29 32 33 29 28 36 63 117 150 148 117 98 94 93 89 86 81 77 78 100 142 184 205 207 180 125 81 65 68 75 86 91 88 102 124 140 154 151 133 126 148 162 149 119 104 108 111 120 114 115 106 105 133 180 215 223 225 231 231 220 197 187 190 194 194 194 194 194 192 184 177 173 164 154 148
219 229 215 174 154 162 175 177 171 172 185 196 211 231 247 246 247 249 245 245 248 239 218 201 135 61 25 26 26 36 79 136 180 198 188 161 138 114 96 87 81 75 71 85 131 184 214 218 222 211 162 110 90 98 126 160 180 179 187 202 218 218 187 143 163 221 237 214 150 105 103 109 114 113 113 104 93 96 122 160 191 204 210 208 206 199 197 201 206 210 211 210 206 199 188 178 171 157 150 155
227 239 221 175 151 159 171 175 177 177 174 172 178 196 223 239 242 244 242 240 245 250 254 253 229 126 38 19 26 48 118 193 209 206 197 195 185 155 118 88 75 69 77 114 170 209 216 207 212 215 200 179 171 176 197 227 240 238 234 235 245 244 217 182 199 242 253 248 189 116 93 102 105 101 96 85 75 67 68 83 108 127 144 163 190 203 207 212 217 219 218 214 209 200 184 169 161 148 151 162
237 233 202 166 161 172 178 179 179 180 173 170 164 162 184 215 243 249 247 246 246 248 252 250 252 184 68 16 24 53 131 200 206 199 196 199 200 190 156 109 78 68 90 149 201 215 210 205 209 218 229 239 242 240 242 241 240 239 234 232 237 243 232 214 217 236 251 253 217 134 91 96 100 81 71 74 80 82 78 78 86 95 118 157 193 197 194 204 212 212 210 207 204 197 180 166 159 155 159 163
238 220 188 167 173 183 183 181 179 181 176 174 161 145 158 204 246 250 244 245 245 241 249 253 253 222 101 20 18 49 124 184 199 196 197 199 195 197 182 144 95 74 97 165 209 210 203 204 204 214 239 253 254 254 250 235 231 230 227 228 233 240 236 230 227 231 248 253 225 139 81 79 83 69 47 62 126 167 158 149 151 163 180 200 207 191 174 176 184 184 187 192 197 195 185 177 170 168 167 161
217 203 181 174 182 187 180 175 179 182 178 175 163 147 152 200 245 253 247 249 251 247 252 253 253 207 95 24 18 38 100 167 199 195 195 197 195 195 189 172 123 82 89 154 199 206 204 204 193 206 235 252 248 245 246 235 231 227 225 226 232 241 242 235 227 234 251 253 215 127 75 83 98 105 81 74 137 201 212 206 204 220 227 222 211 193 173 161 158 162 173 183 193 194 192 190 184 181 174 167
205 191 178 181 194 195 185 174 176 182 181 178 170 152 146 187 234 251 245 243 249 248 247 240 218 142 52 24 29 33 81 159 205 203 195 198 204 205 198 187 154 91 79 131 182 202 203 195 179 188 217 246 252 248 246 241 240 231 226 227 230 239 240 234 228 239 248 251 198 118 101 143 178 187 174 122 101 153 207 216 219 221 221 216 210 199 179 161 150 158 173 187 191 192 194 196 194 190 180 173
208 199 185 184 202 208 190 169 176 180 181 179 171 157 144 154 199 225 235 239 231 213 192 157 98 37 25 34 33 34 77 168 217 217 202 209 213 212 211 198 170 122 101 129 171 197 197 186 169 177 210 241 249 248 250 246 245 233 222 218 227 239 241 234 230 237 251 238 183 147 174 221 240 251 247 196 106 98 178 219 221 215 213 212 208 201 185 168 158 163 177 185 189 190 192 198 200 199 191 179
224 218 203 197 209 212 191 167 169 180 183 183 172 157 141 140 164 211 231 229 221 201 164 112 53 18 17 32 32 31 80 175 227 224 216 225 228 224 215 204 181 157 149 164 185 196 191 181 170 172 199 233 248 250 251 247 244 230 218 216 227 241 240 232 228 242 244 220 196 203 230 249 254 251 251 228 158 133 185 223 221 216 214 212 209 201 190 177 168 171 181 184 185 187 190 196 205 202 198 185
236 234 221 208 210 213 191 166 164 179 181 182 172 154 139 138 171 219 235 234 237 232 217 194 163 110 49 25 30 31 75 167 226 224 220 227 237 239 219 202 186 184 186 194 203 203 196 189 174 162 174 212 242 251 251 246 242 231 222 220 230 242 242 232 235 243 237 220 219 238 251 247 245 251 251 234 203 198 216 219 220 216 215 212 206 200 193 186 181 179 181 176 172 175 187 200 210 206 201 187
234 234 225 210 207 208 196 177 173 181 181 178 170 149 129 145 195 232 240 237 243 242 249 253 252 217 131 48 32 40 78 159 220 222 215 219 227 227 207 186 184 189 193 200 211 218 214 207 189 162 152 180 222 246 251 249 237 229 225 228 232 238 241 240 241 239 234 234 242 246 247 245 248 249 244 231 223 224 222 215 220 217 215 210 201 195 192 188 184 182 180 172 165 166 180 199 208 207 198 182
222 225 224 215 213 215 214 208 197 187 178 168 160 136 111 140 207 245 249 238 241 240 242 245 252 253 213 112 45 35 67 142 220 225 208 203 188 174 178 184 190 189 188 196 216 227 225 218 209 180 151 150 186 233 250 249 231 221 215 220 223 225 231 238 239 236 232 234 242 247 249 251 253 249 242 231 224 218 214 221 220 217 214 207 198 190 188 186 181 177 179 179 172 169 170 181 198 204 190 176
212 219 227 227 228 234 240 240 226 201 178 159 148 134 120 154 213 238 242 236 241 243 240 239 246 253 241 142 51 38 63 113 186 216 211 194 161 143 167 192 194 188 187 196 213 227 226 221 217 202 168 140 155 208 243 246 225 207 198 200 202 203 209 216 228 228 231 238 243 247 249 249 245 246 237 223 219 221 218 221 219 215 212 205 195 189 184 182 179 174 177 182 180 173 161 159 183 194 186 176
206 216 229 238 240 245 249 248 242 217 179 148 130 138 166 201 225 231 236 240 243 241 239 242 250 246 204 102 38 46 57 70 125 178 202 195 175 167 181 195 195 188 187 195 208 223 228 222 218 215 195 162 153 185 222 229 213 197 188 187 187 185 186 189 197 199 218 240 246 246 245 245 243 234 223 222 221 221 219 218 217 213 209 204 194 186 179 174 172 172 177 181 181 174 157 150 166 177 177 178
204 215 232 242 244 247 248 244 241 219 172 129 101 133 202 237 223 224 231 237 238 238 244 248 246 206 121 45 40 53 50 61 91 135 168 179 183 189 190 199 199 191 190 195 203 219 226 221 218 218 216 193 168 174 196 205 198 190 186 186 182 179 175 173 167 175 200 227 236 236 238 235 231 226 218 217 219 222 224 218 217 211 206 202 194 185 176 169 163 172 183 185 182 176 158 148 151 159 168 175
203 215 227 236 239 242 239 232 220 191 163 138 89 95 169 230 235 227 225 233 233 238 238 247 239 170 65 26 44 70 102 123 142 161 179 185 183 186 190 195 196 191 189 199 208 219 227 225 217 221 224 217 198 180 182 192 189 188 186 188 185 179 174 170 164 166 176 196 216 223 222 224 222 221 222 222 223 223 223 220 215 209 202 198 193 182 172 165 164 174 183 187 182 172 163 152 141 140 159 159
217 217 216 218 223 227 225 218 195 183 179 187 151 92 93 168 222 236 236 233 229 232 234 248 247 184 77 28 68 135 184 200 209 218 215 214 216 202 189 193 190 190 194 203 211 219 225 224 225 228 232 228 210 191 184 187 188 186 185 184 183 180 177 174 173 167 166 175 195 211 216 220 222 223 224 223 224 223 222 219 215 209 200 195 190 180 171 165 168 179 186 188 179 170 162 152 135 136 150 134
220 217 214 218 220 220 221 217 209 199 198 217 222 151 70 80 150 199 225 235 244 242 238 251 251 178 75 45 119 204 229 222 224 233 232 232 235 223 201 192 189 190 195 209 220 221 220 223 229 230 234 232 217 199 190 191 188 184 181 181 180 179 177 177 179 174 163 161 180 205 218 224 223 226 229 229 229 228 224 220 215 207 199 193 189 180 172 167 174 181 187 187 179 169 161 151 135 137 132 107
223 219 221 223 213 215 233 231 230 223 214 212 231 212 119 50 55 105 147 186 222 236 240 249 232 142 51 53 151 229 229 214 213 218 226 232 232 229 215 196 192 192 200 208 217 218 216 220 223 227 232 227 211 195 190 193 189 185 180 177 176 176 176 176 178 176 168 164 182 212 231 235 234 237 238 238 236 234 228 221 214 206 198 194 190 183 176 173 177 182 185 184 179 170 157 142 138 135 112 95
217 227 235 209 159 168 225 245 237 229 218 201 208 223 172 76 31 41 56 85 121 150 166 171 147 87 38 60 152 223 226 216 221 226 233 233 226 224 225 217 199 192 194 199 204 211 214 215 221 224 226 219 207 193 190 190 190 187 182 177 176 175 175 175 177 175 166 164 189 222 240 244 244 245 245 245 243 240 234 225 218 209 201 197 193 187 180 177 178 181 182 181 175 167 154 137 135 123 98 97
236 241 223 152 74 105 206 250 243 231 219 205 200 214 191 110 49 30 28 29 34 49 60 59 51 46 42 62 130 203 226 224 226 224 209 199 212 231 240 241 206 162 159 188 204 206 205 205 209 209 206 202 199 195 193 192 190 188 184 179 178 177 175 175 178 171 158 159 189 227 243 245 246 247 247 247 248 246 241 233 221 211 202 199 194 187 179 174 173 178 178 175 169 161 156 142 134 109 93 109
227 203 144 70 27 89 203 248 242 234 226 213 204 210 200 145 66 33 35 32 23 21 23 25 28 39 47 53 88 148 187 194 186 163 145 167 215 248 251 247 206 129 132 196 223 217 202 198 193 195 196 196 197 198 194 190 190 188 184 180 179 178 178 176 176 168 156 161 190 226 242 244 242 245 246 248 250 251 246 239 223 211 200 196 192 184 175 171 167 172 172 169 162 159 157 146 126 105 106 129
136 107 57 23 23 102 210 252 246 230 227 218 215 222 220 178 94 40 34 35 29 23 24 32 39 48 58 58 59 79 104 111 98 79 112 189 240 251 252 252 207 130 147 222 248 240 219 201 194 201 210 214 216 210 201 190 188 189 185 182 179 179 177 177 169 165 159 165 193 225 241 245 242 245 248 248 250 250 245 238 223 210 197 193 189 182 172 168 165 168 165 164 160 158 154 140 113 105 127 146
39 26 18 16 21 98 212 253 249 234 221 222 218 224 231 210 127 52 29 33 28 25 27 35 45 50 59 63 59 54 56 48 47 77 166 239 255 247 251 250 208 152 189 242 249 245 236 220 213 221 231 237 236 228 214 199 188 184 185 185 182 181 180 174 165 162 165 181 211 232 241 245 243 246 248 248 250 247 240 232 219 204 193 188 184 179 171 167 166 164 161 158 159 157 147 131 115 128 144 149
19 17 19 23 26 68 145 186 205 226 233 227 217 221 235 230 169 73 30 32 28 28 29 35 45 53 63 63 57 58 57 47 64 137 223 254 251 245 252 243 198 169 212 246 243 238 237 231 227 232 237 241 243 240 227 214 201 190 180 179 181 182 177 170 162 172 186 205 227 241 245 245 245 246 248 245 242 238 231 224 213 201 191 188 184 180 173 169 167 166 162 160 159 155 142 129 127 140 151 157
23 25 27 27 28 34 56 74 105 174 225 237 229 223 235 240 194 92 34 27 26 30 34 37 44 54 63 61 59 63 55 51 94 195 251 249 244 246 253 230 169 179 232 251 240 236 231 226 230 236 240 241 241 240 234 227 220 202 182 176 182 181 174 171 173 192 213 230 243 248 247 245 245 247 244 238 232 226 220 216 209 198 192 191 189 185 178 173 171 170 165 160 161 153 140 130 140 153 163 165
30 31 29 24 28 27 17 16 29 92 156 200 226 236 244 249 194 91 32 26 27 31 35 41 49 54 61 59 62 64 52 68 138 223 251 244 240 250 250 199 132 179 243 251 239 234 227 224 226 234 240 241 240 240 239 239 231 215 197 190 192 188 184 185 200 217 234 241 246 247 246 245 246 248 244 236 227 219 214 212 209 201 196 197 194 191 185 179 175 173 167 163 164 155 141 137 146 161 169 174
25 26 29 24 27 31 23 22 19 33 58 103 158 197 215 214 159 76 29 30 32 30 33 45 53 56 58 57 61 56 48 91 183 239 249 245 245 254 238 151 94 168 248 253 241 231 223 220 225 232 238 239 238 241 242 241 231 224 214 213 215 210 206 211 223 234 240 243 245 246 247 248 249 250 245 236 224 218 213 211 211 206 203 203 199 196 191 183 179 175 168 166 165 154 142 139 152 166 175 180
27 24 27 26 25 29 27 27 26 20 18 31 60 93 110 108 85 54 38 36 32 31 34 43 53 57 56 57 57 51 49 103 203 252 249 244 253 248 184 84 52 125 206 226 227 227 226 227 229 233 235 236 239 242 241 239 232 229 227 231 234 230 226 227 234 238 240 240 244 246 245 246 248 248 244 234 224 217 213 213 213 209 207 205 202 199 195 188 182 176 168 166 162 151 142 145 159 172 179 185
27 22 22 25 24 25 24 25 25 28 27 20 20 26 29 30 32 41 47 37 32 34 40 46 52 55 55 57 54 54 51 84 173 242 252 250 244 197 111 44 32 69 119 142 168 197 222 233 233 237 238 239 240 243 242 238 234 231 234 240 241 238 234 233 235 236 237 240 241 240 237 239 242 240 236 229 222 218 215 214 213 210 209 206 203 201 197 192 186 177 170 167 158 148 150 157 173 181 187 193
24 25 23 23 23 23 22 23 23 25 23 22 28 27 25 29 34 42 43 39 37 36 39 51 54 55 55 58 53 59 50 56 96 173 223 223 169 100 54 39 41 46 64 78 109 150 188 210 229 235 241 239 238 239 239 236 233 233 238 244 242 239 238 235 236 236 237 238 237 232 229 231 231 231 229 224 220 218 218 216 213 211 210 208 204 204 200 194 190 179 172 167 156 151 159 174 185 190 196 201
25 25 25 24 23 22 22 22 22 23 25 28 27 28 31 34 36 40 41 41 40 41 47 52 53 54 54 54 57 58 56 54 54 92 125 119 77 44 41 50 52 51 61 72 89 116 146 176 207 230 239 235 238 236 230 229 229 235 238 241 243 242 237 234 236 236 235 235 235 232 228 222 224 224 221 220 219 218 216 216 213 211 211 209 207 206 202 198 192 181 175 165 154 159 177 189 199 199 202 205
24 24 24 23 23 22 22 22 21 21 24 25 25 26 28 30 35 40 42 43 42 45 49 53 55 55 55 54 56 57 56 55 50 51 49 46 43 43 49 50 52 52 66 80 92 111 134 154 191 222 240 235 228 221 214 219 227 234 240 242 243 239 232 230 230 231 234 235 237 235 230 223 223 221 220 218 217 216 216 214 212 212 211 210 209 208 204 199 192 184 174 165 161 174 192 201 206 205 206 209
24 24 24 23 22 21 21 21 21 22 22 25 24 25 27 28 34 38 42 44 45 48 52 56 55 56 57 56 56 56 55 55 52 45 41 41 45 50 51 47 48 51 68 82 95 115 136 149 179 206 221 214 206 204 208 217 226 234 241 243 241 232 224 221 221 224 230 233 236 235 230 227 222 221 219 218 218 217 215 215 212 212 212 212 212 209 205 200 191 186 175 165 172 192 207 211 212 212 211 211
24 24 24 23 21 20 20 20 21 22 23 24 25 24 27 29 31 35 40 43 45 49 54 56 58 59 59 58 56 54 52 52 50 48 48 49 48 48 46 42 46 51 66 83 99 123 148 158 170 185 185 177 179 192 205 214 220 230 237 241 235 226 215 212 215 218 224 230 233 232 230 228 222 221 220 219 219 217 216 215 213 212 214 214 214 210 205 199 191 187 175 172 186 206 214 214 215 214 214 212
24 24 24 23 20 19 19 19 19 20 21 23 24 23 25 28 29 33 38 42 46 51 55 58 60 61 61 59 57 53 51 50 53 51 49 46 44 46 48 48 43 54 72 90 109 130 149 156 165 170 164 158 171 193 206 207 213 222 230 232 228 217 209 207 210 213 219 224 228 229 228 226 223 223 221 220 219 217 215 214 212 214 215 217 216 212 205 199 191 184 177 184 202 215 218 217 216 215 214 213
24 24 24 23 20 19 19 19 20 19 20 22 24 24 26 27 29 32 36 41 48 54 59 62 60 61 60 59 57 53 50 50 49 50 50 48 44 42 43 42 45 63 81 100 117 134 147 152 162 164 161 166 183 202 209 208 207 213 217 220 219 212 207 207 208 211 216 219 222 224 224 224 222 221 221 219 219 216 214 214 211 214 217 220 220 215 208 199 188 181 182 196 212 220 221 219 216 214 214 211
23 24 23 22 22 21 19 19 21 20 21 22 23 24 26 27 27 29 33 40 48 57 62 62 62 62 61 59 56 53 50 50 51 48 45 46 47 47 46 41 52 74 90 107 125 134 145 150 151 154 163 177 194 203 207 209 207 209 210 210 212 210 207 208 209 212 214 216 219 221 221 222 221 220 220 220 219 216 214 213 213 216 220 222 221 216 207 198 184 181 192 209 219 221 221 218 214 213 213 211
23 23 22 22 22 21 20 19 22 21 21 22 22 22 24 26 24 26 31 39 49 58 63 62 65 63 59 58 54 52 49 49 50 49 48 46 42 43 44 45 59 83 98 114 129 132 138 144 146 151 166 191 205 204 203 207 209 209 206 206 208 209 209 211 210 212 215 215 218 219 220 221 220 220 220 220 219 218 215 213 215 218 222 223 222 216 206 195 184 184 202 218 222 221 220 215 212 213 212 209
23 23 23 22 21 22 24 23 23 21 21 21 20 23 24 25 25 27 32 40 47 55 61 67 64 63 61 57 53 50 49 48 49 47 45 43 43 42 46 55 69 88 102 112 121 129 139 145 147 163 185 201 204 202 202 205 208 207 207 208 209 210 208 208 210 211 211 215 218 220 220 221 220 221 221 220 219 217 217 216 215 217 224 226 221 215 204 192 187 197 212 220 222 221 219 217 214 212 212 210
22 22 22 21 20 22 22 22 20 20 20 20 22 23 23 24 25 28 34 41 47 51 56 60 65 62 58 54 50 48 48 49 45 46 42 41 42 46 54 64 79 92 101 110 117 127 137 142 156 171 189 200 201 200 203 205 207 208 207 209 209 208 207 207 208 208 211 214 217 219 220 220 221 221 221 220 219 217 216 216 216 220 225 225 221 214 204 194 198 208 217 221 222 221 218 216 214 212 210 206
21 21 21 20 19 20 20 20 20 20 19 20 21 22 23 25 25 30 34 41 44 49 53 58 64 60 53 49 48 48 48 47 44 46 41 40 43 52 66 77 88 97 102 108 116 131 148 153 166 182 195 199 198 201 202 203 205 206 209 209 209 207 207 205 205 208 211 215 217 219 220 221 221 221 221 220 217 216 216 217 220 224 226 224 218 209 202 196 210 216 220 221 219 218 217 215 213 210 208 204
21 21 20 19 17 17 17 17 20 20 21 22 22 23 25 26 28 30 34 39 42 46 52 58 59 55 50 48 47 47 46 45 43 42 40 39 46 58 73 84 90 95 101 113 132 159 177 174 174 185 197 201 199 202 204 203 204 207 209 210 208 208 205 205 203 206 212 216 217 218 220 221 221 221 221 219 217 216 216 217 223 226 225 222 215 203 198 203 215 219 221 218 216 216 216 213 210 207 206 203
21 21 20 19 17 17 17 17 19 19 19 21 22 22 25 28 30 31 34 37 41 45 51 55 55 52 48 48 46 47 45 43 41 43 41 43 51 64 75 82 87 95 107 129 164 199 212 197 179 188 196 201 201 202 204 204 205 207 208 209 211 208 206 204 206 208 213 217 217 218 220 220 221 221 220 219 217 216 217 219 223 224 222 218 208 195 195 208 218 219 219 216 214 215 214 209 206 203 201 202
21 20 19 19 18 17 17 18 18 18 19 20 21 21 25 28 32 34 37 41 44 46 49 52 52 49 48 46 47 46 43 42 43 44 43 46 54 65 74 83 94 112 132 156 186 212 219 203 187 191 196 200 199 201 204 205 209 208 209 211 210 209 208 206 209 210 213 216 216 218 219 219 220 220 220 219 218 219 219 221 224 221 217 213 200 189 195 210 220 219 217 216 215 214 211 206 203 199 197 199
21 19 18 18 18 18 18 19 18 18 19 21 21 21 23 26 32 35 39 44 46 46 48 50 49 48 46 45 44 44 43 40 39 40 41 45 54 68 85 102 121 144 161 174 189 201 204 197 192 196 199 199 198 200 204 204 208 209 210 209 208 209 208 207 211 211 213 216 216 218 218 220 219 220 221 220 220 221 222 223 224 218 213 206 193 188 198 213 219 217 215 214 213 210 208 205 202 199 197 198
21 18 17 18 18 16 16 17 17 17 18 21 23 21 23 25 30 33 39 42 43 44 47 49 50 48 45 43 43 41 41 41 41 43 42 49 61 81 110 135 154 167 173 179 188 193 192 188 191 199 202 199 198 201 204 203 208 208 209 208 207 206 206 207 211 213 214 214 216 216 218 218 218 218 221 221 222 222 225 226 221 215 210 201 191 192 207 216 218 215 213 213 211 207 204 204 201 199 199 199
18 18 18 15 14 13 14 13 17 21 24 24 27 30 31 28 32 32 36 40 40 42 46 48 49 46 43 44 40 40 41 40 38 40 46 60 81 113 143 159 166 166 170 179 185 186 186 183 193 198 199 198 200 203 204 205 207 206 203 202 203 205 208 209 211 212 214 214 214 216 216 217 219 220 220 220 221 226 229 226 217 211 204 198 196 204 213 216 214 214 212 210 207 205 204 203 201 200 197 197
17 19 17 15 14 15 16 19 26 36 45 50 52 54 50 43 38 36 37 39 40 42 44 44 45 43 40 41 43 41 37 36 39 45 60 84 115 142 156 162 163 166 170 177 178 178 181 185 194 197 197 198 200 202 204 205 206 206 202 200 201 203 205 207 209 210 212 214 214 214 216 216 217 219 220 223 224 230 230 225 215 205 198 198 205 212 216 215 212 211 209 206 205 202 201 201 203 199 198 196
18 17 17 16 15 18 25 31 45 57 70 79 83 83 77 71 60 51 43 38 36 38 40 42 42 43 42 41 43 37 35 38 47 69 92 116 137 149 151 156 162 166 173 176 172 168 174 185 195 195 194 196 201 203 204 206 206 205 202 200 199 201 205 205 208 210 211 213 214 213 215 214 215 218 221 224 228 231 229 223 212 199 194 201 211 216 216 212 210 209 207 205 202 201 202 203 202 200 197 196
19 17 16 15 18 26 41 50 68 78 90 98 101 101 100 99 88 76 63 49 40 37 40 39 38 40 40 37 36 33 35 48 73 102 126 138 142 140 143 157 164 167 172 172 164 160 169 185 195 192 192 194 201 204 204 206 207 206 203 201 200 202 203 204 206 208 209 211 213 212 213 214 215 217 221 225 229 230 226 218 205 193 191 202 211 215 213 210 209 208 207 203 201 201 205 206 204 198 196 194
19 15 15 18 26 39 55 69 82 88 97 101 103 106 112 118 114 105 94 77 60 49 41 35 38 39 39 35 36 36 45 68 99 119 135 141 143 141 147 160 166 165 167 165 158 156 168 187 195 193 191 194 201 204 204 206 206 206 205 203 203 202 203 202 204 206 208 210 211 211 212 212 214 218 222 226 228 226 221 211 198 188 188 200 210 212 210 208 208 206 205 202 202 202 205 207 205 201 193 188
16 15 17 24 36 52 67 78 88 93 98 100 102 107 118 126 128 129 125 113 94 73 52 35 34 33 39 36 35 43 62 96 120 128 134 139 142 144 149 158 167 165 162 159 153 155 171 190 194 195 193 195 200 204 205 207 204 205 205 204 203 203 201 202 203 205 206 208 209 210 211 212 216 220 225 226 225 222 214 203 189 183 186 201 210 211 208 206 205 205 202 201 201 204 205 207 207 199 189 182
15 17 23 37 52 65 76 83 89 93 99 102 105 110 120 129 135 139 142 140 126 106 80 59 38 30 34 34 37 54 79 114 132 136 137 141 141 145 150 155 165 161 158 151 146 153 172 191 192 195 195 194 199 203 203 205 206 205 204 205 204 202 202 202 203 204 206 206 206 208 212 214 217 221 226 226 221 214 203 191 183 182 192 206 210 208 206 206 205 204 201 202 204 205 206 204 201 194 184 178
16 20 30 49 63 74 81 84 91 94 100 106 109 114 123 131 137 140 147 150 146 133 113 91 57 35 29 34 49 75 98 125 132 131 134 137 139 144 151 157 162 159 154 146 139 148 168 187 191 194 194 194 198 202 202 203 205 205 204 205 203 202 202 202 203 203 205 204 206 209 212 214 218 223 226 224 215 206 192 180 179 187 203 212 209 204 204 206 203 202 200 201 202 205 203 202 194 188 180 177
16 28 44 60 70 74 78 86 92 96 102 107 112 118 125 132 136 139 143 149 152 150 138 125 89 56 33 35 53 88 118 128 129 129 131 137 142 145 148 154 154 152 146 145 139 141 167 187 190 191 193 195 196 197 201 205 204 205 204 204 204 204 204 204 203 202 201 203 205 207 212 217 220 226 223 215 205 192 179 174 183 199 208 207 206 201 200 204 202 201 198 199 202 203 201 196 187 182 179 183
23 35 52 66 75 79 82 88 95 99 104 110 113 118 125 132 133 136 139 144 150 153 149 143 126 85 47 38 57 94 121 127 129 131 135 136 141 144 148 150 148 145 143 143 135 135 161 184 191 191 193 193 195 196 200 203 204 203 204 204 203 203 203 204 204 203 204 204 206 208 212 217 225 222 216 205 193 179 173 177 194 206 208 201 201 201 200 203 203 201 200 202 203 202 197 191 183 182 181 185
29 44 60 71 78 81 85 91 96 100 106 111 114 118 126 132 132 134 135 137 142 149 153 154 150 120 82 59 64 90 114 122 128 133 137 137 140 144 145 144 140 137 138 141 129 126 155 182 190 189 189 190 192 195 198 200 202 202 201 201 203 202 203 204 201 202 205 205 206 210 215 218 219 214 206 197 184 172 175 187 204 209 205 196 199 204 203 201 202 202 201 202 204 199 193 185 181 183 187 190
36 53 67 75 78 82 88 93 98 101 107 112 116 119 126 131 133 133 132 132 135 141 149 153 152 145 119 89 76 81 102 120 129 134 139 140 141 142 140 136 136 131 135 136 123 120 149 180 187 185 186 187 189 192 196 198 200 200 200 200 200 201 202 201 200 202 204 206 209 212 215 216 212 204 195 187 179 174 185 203 206 208 204 199 201 204 203 201 201 201 201 201 201 197 189 184 182 188 192 191
49 64 75 78 81 84 90 95 99 104 109 114 117 120 126 130 131 131 131 130 133 138 144 149 154 157 145 119 96 87 99 118 129 133 139 141 143 141 135 131 130 130 134 131 119 116 140 175 184 184 185 186 187 190 195 198 197 198 199 198 198 199 199 199 199 200 202 206 210 212 212 209 202 192 183 179 179 186 198 209 207 209 206 202 202 203 203 202 203 201 200 199 198 193 186 184 185 191 195 190
64 75 81 83 84 87 91 96 101 104 109 113 116 119 124 129 128 128 129 130 132 136 139 141 147 159 159 146 124 106 104 116 129 133 137 140 139 137 133 129 125 128 133 133 121 111 127 165 184 182 183 184 185 188 192 196 196 195 197 197 196 198 198 199 197 199 201 205 210 211 207 198 180 174 174 183 192 203 208 209 209 208 207 205 200 200 200 203 201 202 200 198 194 188 185 184 189 193 196 185
75 81 84 84 87 90 94 97 100 102 105 109 111 114 121 126 126 126 126 127 130 132 133 136 140 153 164 162 150 130 116 114 123 131 137 137 137 135 130 125 119 125 132 135 125 103 106 147 182 179 176 179 184 188 191 191 192 192 192 193 195 196 197 197 197 198 201 204 208 207 196 185 164 167 180 197 205 209 210 206 209 207 205 200 197 198 200 202 200 200 199 195 189 186 185 187 193 193 188 177
80 83 83 85 91 95 97 99 99 100 103 106 108 111 117 122 123 124 124 126 128 130 132 135 140 148 157 165 163 150 129 113 115 128 139 138 135 134 128 119 115 119 129 135 124 92 87 130 179 174 171 175 180 185 189 188 189 188 191 192 193 195 197 198 200 202 202 203 204 200 184 170 167 175 195 206 206 204 205 206 204 204 203 196 193 198 202 200 200 199 196 192 187 183 188 194 194 191 180 166
82 83 84 88 91 96 99 100 101 101 103 106 108 110 115 120 124 124 126 129 130 130 130 133 137 145 152 159 165 164 146 126 116 119 132 137 136 136 127 116 114 121 128 130 118 89 73 112 168 175 166 169 177 180 183 188 189 188 190 192 193 192 194 195 198 199 198 196 186 175 172 172 186 199 206 205 202 204 204 203 202 201 201 199 196 197 199 200 198 196 193 187 181 186 194 197 194 186 174 160
85 84 86 89 92 96 99 101 101 103 104 108 110 112 116 120 125 127 129 131 132 131 131 132 135 142 149 154 161 166 158 146 122 117 123 132 134 130 121 114 115 121 125 125 113 80 62 103 160 172 164 167 173 178 184 189 189 186 185 185 185 182 181 181 183 183 184 183 179 177 179 185 200 204 206 203 202 204 203 198 201 200 200 199 196 197 197 198 196 193 188 184 182 188 194 196 191 180 168 155
85 85 87 89 92 96 99 101 102 103 107 110 113 114 117 121 127 130 133 134 135 135 132 130 134 141 144 149 155 163 162 158 133 118 116 126 130 124 115 114 118 119 119 117 106 69 51 93 153 169 167 166 168 174 180 182 181 175 170 165 164 164 165 167 176 178 183 188 191 193 199 202 206 205 202 200 200 203 202 199 199 198 198 197 196 197 195 195 193 189 183 182 184 190 195 192 186 175 161 148
84 84 86 86 90 94 98 101 103 104 109 114 116 117 119 122 128 132 136 137 139 139 135 131 134 138 141 144 148 154 156 155 145 123 115 119 120 114 109 112 118 117 114 110 96 60 42 86 145 163 162 163 163 164 166 164 159 155 147 146 149 156 166 171 179 182 190 198 201 202 203 205 203 200 200 200 201 200 199 199 195 195 195 196 197 196 194 193 190 185 180 181 187 193 193 186 178 167 154 142
83 84 84 87 89 93 97 100 103 105 108 114 118 119 122 124 127 132 136 138 141 142 138 134 133 133 136 139 142 147 150 150 146 131 119 113 113 108 103 109 117 115 108 102 85 48 32 75 134 152 151 153 150 149 147 145 136 137 141 148 158 170 181 187 190 191 194 199 201 201 201 201 202 200 199 199 199 197 194 196 193 191 192 195 196 195 194 190 184 182 180 185 189 194 191 181 170 159 147 138
82 83 84 87 90 93 97 101 104 105 109 115 119 120 122 124 126 129 133 137 141 143 140 138 135 132 132 134 137 140 143 143 142 134 124 113 109 105 101 106 112 111 105 95 74 41 28 64 123 143 141 139 137 133 131 134 132 141 154 169 178 184 187 188 190 192 196 198 200 201 200 200 201 196 194 194 194 192 190 189 190 189 191 193 195 195 191 188 181 181 183 189 192 193 186 176 163 150 140 139
81 83 86 87 91 94 98 101 104 105 109 116 120 120 122 123 124 125 128 134 140 142 141 141 139 133 129 130 132 135 137 137 136 134 127 112 106 104 100 102 104 106 103 91 65 36 23 53 108 138 135 130 128 127 127 135 146 155 170 179 184 186 183 180 183 187 193 196 199 198 198 196 195 193 189 189 190 190 188 188 188 188 190 192 193 191 185 181 180 182 188 193 193 190 181 170 155 143 137 138
80 81 85 89 91 95 98 102 105 106 110 116 120 120 120 121 122 123 125 132 139 141 142 142 140 134 128 128 131 132 132 134 133 134 126 110 103 100 97 99 100 103 103 87 58 30 17 43 92 129 130 124 126 127 130 142 156 163 172 177 180 181 181 181 183 186 190 193 194 195 196 194 192 192 190 188 187 187 188 188 187 186 187 189 189 186 180 176 180 185 192 195 192 186 177 165 148 137 133 138
82 83 85 88 91 95 100 101 105 109 111 114 118 119 119 122 122 121 123 127 130 134 138 140 137 131 125 123 122 122 124 128 126 126 121 111 102 96 94 94 92 99 97 79 46 23 20 27 66 112 134 125 122 130 139 143 154 157 166 175 179 179 177 178 181 184 188 191 193 192 192 191 190 189 188 187 186 187 187 188 188 187 187 187 186 182 178 176 181 187 192 195 191 182 167 155 142 134 133 139
83 83 83 87 93 96 101 104 106 109 112 114 118 119 118 119 118 119 120 122 124 127 131 132 134 130 126 123 119 117 117 117 120 120 118 109 101 92 90 89 88 94 89 66 35 18 17 23 44 84 119 134 134 133 136 147 148 153 161 166 172 175 178 178 179 183 187 187 189 189 189 187 187 187 187 188 188 186 186 186 186 185 185 185 181 177 175 174 182 186 191 192 187 175 159 147 136 134 136 139
88 82 81 85 89 93 96 99 103 106 111 114 118 119 119 120 118 117 116 117 118 122 125 127 130 130 127 122 118 115 113 111 115 113 111 107 98 89 84 84 84 87 78 51 25 15 17 21 24 47 87 123 138 133 134 143 144 150 155 158 163 169 175 176 179 182 185 184 186 185 186 185 185 186 186 186 186 185 184 184 185 184 183 180 178 176 174 175 182 187 190 187 178 166 150 137 133 131 135 137
93 83 77 78 81 83 85 89 94 99 104 107 112 114 116 119 117 116 113 113 113 116 119 122 125 128 127 122 117 115 111 107 108 107 106 106 96 84 78 78 78 81 68 39 19 15 18 19 18 22 45 81 110 123 132 133 142 146 150 153 157 164 169 173 175 178 181 183 183 184 185 183 182 182 183 184 184 184 183 182 182 180 179 177 176 174 176 178 181 185 185 178 168 154 140 133 133 131 134 133
99 87 76 73 75 76 78 81 86 91 92 94 98 101 105 111 112 113 112 112 112 114 114 114 118 120 121 120 117 114 109 103 100 99 102 103 96 82 72 71 74 73 55 30 14 13 17 15 15 13 19 34 63 101 128 133 137 140 143 149 154 157 163 167 171 174 178 181 181 182 181 180 179 179 180 181 181 182 182 182 180 178 175 175 174 174 176 179 181 183 179 167 154 143 134 130 131 134 136 132
109 96 82 75 74 75 78 81 82 86 87 87 88 88 92 98 105 107 111 113 112 111 110 108 109 111 112 113 114 110 102 97 92 94 98 102 97 82 69 62 71 64 45 21 10 14 16 14 13 14 13 12 29 73 118 137 136 137 140 146 149 152 157 161 167 171 174 177 178 179 178 177 178 178 178 179 179 179 180 180 180 178 175 174 173 173 177 179 180 179 169 155 142 134 132 130 133 135 131 126
119 108 93 82 75 74 77 79 83 85 85 84 85 84 85 86 92 97 102 107 109 108 107 106 103 102 101 106 107 104 98 93 89 90 91 97 94 83 67 56 62 51 33 17 11 14 14 14 11 14 13 9 19 54 101 131 135 135 136 139 142 147 152 155 160 164 169 171 174 175 176 176 177 177 177 178 178 177 176 176 177 175 173 172 171 171 175 177 176 171 160 143 133 130 131 131 134 129 126 123
126 119 105 88 77 73 74 78 83 84 85 86 87 85 81 81 81 86 92 97 101 102 105 105 99 95 93 96 102 100 96 92 88 85 86 89 91 80 65 53 50 39 25 14 11 14 13 11 14 11 12 13 20 44 84 119 129 131 131 131 135 143 148 150 154 158 162 166 169 173 176 177 176 177 179 178 178 176 175 174 171 171 170 168 168 169 171 173 173 166 152 136 128 127 131 133 131 126 124 126
130 124 114 105 91 76 71 77 78 84 87 86 86 85 85 81 80 84 81 80 89 96 99 102 103 101 98 96 96 97 94 91 86 86 84 85 88 76 60 52 45 33 21 17 15 14 16 14 11 9 9 12 21 45 80 105 118 119 124 126 130 135 140 143 146 151 156 161 163 167 171 170 173 176 177 177 177 176 173 171 168 168 167 167 166 165 167 170 168 156 143 131 127 129 132 132 129 126 125 115
133 128 122 112 100 83 76 76 80 84 85 88 87 85 83 80 74 78 79 80 84 88 95 102 111 114 113 105 94 87 86 85 85 86 85 85 84 76 63 51 41 31 23 23 22 21 19 15 12 7 8 16 37 66 93 105 107 106 110 115 122 130 134 137 140 146 150 154 156 160 164 169 171 173 174 175 176 175 171 168 168 165 166 167 167 166 166 167 161 150 138 129 126 130 133 133 128 124 111 82
138 134 128 122 110 92 79 75 77 80 84 86 86 78 72 68 70 74 78 81 86 92 98 97 110 125 135 127 108 94 87 84 86 83 86 86 84 81 65 47 37 29 25 27 27 24 18 11 10 8 11 27 56 90 107 105 101 100 102 106 112 117 123 128 134 135 141 147 152 153 158 163 168 170 172 174 175 172 168 164 160 161 161 164 166 166 163 161 153 143 131 129 130 132 131 126 115 102 79 49
146 139 131 127 116 101 86 74 71 71 77 81 79 75 70 72 77 70 74 87 97 102 101 95 100 118 139 146 141 127 107 91 87 82 84 86 83 83 73 54 35 28 28 28 27 24 16 10 11 15 25 41 71 98 109 105 102 102 104 103 102 103 111 121 129 129 132 139 144 149 153 155 162 163 166 170 170 167 163 159 156 157 160 163 166 163 158 154 145 136 129 131 131 126 112 98 75 58 43 35
