205
203
200
198
200
201
203
203
204
203
203
203
202
201
199
200
201
202
202
201
202
200
199
199
197
196
196
197
204
206
163
111
98
111
117
122
121
126
124
119
119
117
113
114
117
120
128
163
210
229
227
218
211
202
189
179
177
178
176
172
173
180
192
202
206
209
212
217
218
216
213
214
215
213
216
219
220
216
214
211
210
211
215
219
222
218
209
195
187
190
188
184
180
175
178
175
164
147
137
141
209
204
198
194
197
197
198
200
200
200
202
202
201
200
201
200
201
202
202
202
201
200
200
200
198
197
197
198
201
207
183
134
100
98
109
117
120
124
124
121
115
110
109
114
116
119
127
162
209
229
225
218
213
202
189
177
172
169
168
165
165
173
182
193
198
200
203
208
210
207
207
208
209
208
211
214
215
212
210
207
207
208
211
212
217
214
206
196
192
194
190
185
181
176
178
178
167
149
136
138
207
203
200
197
195
195
194
194
195
196
197
200
199
197
199
202
204
204
203
203
203
202
201
200
200
199
198
198
195
203
200
163
114
94
105
111
119
116
117
119
114
109
107
108
115
116
123
160
208
228
224
218
214
205
191
176
167
163
160
159
160
164
174
183
188
189
192
196
198
197
199
201
202
203
204
206
209
206
204
203
204
204
204
205
211
211
205
199
197
198
193
185
179
176
177
178
168
149
133
134
204
203
201
201
196
196
193
191
190
192
193
194
195
195
197
201
203
205
205
204
205
205
203
203
200
200
197
197
197
196
201
185
141
108
105
110
111
110
114
116
112
111
111
106
114
113
120
158
207
226
222
217
213
206
191
176
165
159
157
156
157
161
167
175
179
180
183
186
187
187
191
193
196
197
197
198
201
201
200
200
201
199
200
202
207
209
206
202
200
200
194
186
179
176
177
178
169
149
132
132
207
205
202
201
200
197
195
192
190
190
191
191
193
193
195
199
203
205
205
205
206
205
204
203
202
201
199
198
199
195
200
197
168
123
107
116
114
110
112
116
114
113
114
112
115
113
118
156
203
223
223
217
213
205
193
176
164
158
158
158
158
159
164
169
170
170
173
174
176
178
182
187
189
190
190
192
195
197
198
200
199
196
198
199
207
209
208
204
200
198
192
185
181
179
178
177
171
151
133
134
209
205
202
202
201
200
196
194
192
191
192
192
192
192
193
198
201
201
203
204
204
204
204
204
203
203
202
200
197
198
200
204
184
139
117
131
137
120
109
112
117
117
115
114
117
114
117
153
201
223
223
219
214
206
193
179
166
159
158
158
159
159
161
164
164
163
163
165
167
169
174
178
180
183
186
188
190
193
196
196
196
194
195
197
204
207
208
203
199
195
191
185
184
180
179
177
172
153
133
137
209
205
204
202
201
200
198
197
194
193
194
194
193
191
191
193
196
196
198
201
201
202
202
203
203
203
203
201
197
198
198
203
196
158
135
145
162
143
123
112
116
120
118
115
117
114
116
150
199
223
224
218
214
208
194
179
167
161
159
159
160
158
158
160
159
158
156
158
159
161
165
166
170
173
178
180
184
185
190
193
192
192
192
193
199
202
205
201
198
194
192
188
184
180
177
177
173
155
134
137
210
205
203
202
201
200
199
198
196
195
195
195
193
190
189
190
192
192
195
196
199
200
201
202
202
202
201
199
201
199
193
198
201
175
150
151
170
167
145
117
110
116
118
115
116
113
114
147
197
223
224
219
213
205
191
176
166
161
158
157
158
156
155
156
156
153
152
152
154
155
156
157
160
164
169
171
177
180
185
188
190
192
192
192
195
199
201
199
197
195
191
188
184
180
176
176
176
157
135
138
211
208
204
204
203
202
200
200
198
198
198
198
194
192
189
188
189
190
192
194
196
196
198
199
199
201
201
202
199
201
195
195
205
196
168
151
166
177
169
138
113
109
112
110
111
106
108
136
185
217
223
217
210
201
188
174
164
156
155
154
156
155
152
150
150
149
148
145
148
150
151
153
152
155
161
165
171
175
179
183
188
189
190
192
194
196
197
197
197
195
192
190
185
179
173
173
174
157
137
135
213
210
206
204
203
201
200
200
200
199
200
200
198
194
191
188
188
189
189
191
193
193
195
196
198
199
200
201
200
200
197
195
199
198
183
163
159
170
174
155
127
111
105
107
104
101
101
124
171
209
218
213
206
196
183
172
161
153
151
151
151
151
148
148
147
148
146
144
143
144
144
145
148
151
157
159
166
169
175
179
182
185
187
188
193
193
194
195
194
193
193
189
182
177
173
170
169
157
136
130
215
212
208
206
203
201
199
200
200
200
201
201
199
196
193
189
188
187
189
191
189
190
192
193
195
197
198
199
201
199
199
195
192
200
195
176
155
156
163
165
149
131
119
111
110
107
101
117
159
203
218
213
206
194
179
169
160
153
148
148
148
147
148
147
147
146
144
142
140
138
138
138
141
146
151
154
160
164
171
175
179
180
183
185
189
192
193
194
193
193
192
192
186
175
172
173
169
154
135
132
215
213
210
209
205
202
201
201
201
202
200
200
199
197
195
193
190
188
189
190
188
188
189
190
191
192
194
195
198
199
200
196
191
198
200
187
164
151
150
160
160
155
144
128
125
122
112
118
154
200
219
213
205
193
178
168
158
152
146
146
145
147
146
146
148
146
143
140
136
135
132
133
138
141
145
149
154
158
164
171
173
177
179
181
185
189
192
192
192
192
191
190
183
173
169
170
167
152
134
131
215
213
211
210
207
204
204
203
203
203
202
201
199
198
197
194
192
190
188
188
187
187
187
187
189
190
190
191
194
197
199
198
195
195
198
197
180
160
149
156
157
156
151
141
137
133
122
121
151
195
215
209
203
190
176
165
157
149
144
145
144
144
145
146
146
146
143
140
133
131
130
131
133
136
140
144
147
152
157
163
167
171
173
175
180
185
189
191
191
189
188
187
178
174
170
166
165
154
135
127
215
213
211
211
207
206
205
204
204
203
202
202
200
200
199
196
194
192
190
188
186
186
185
185
186
186
187
188
188
193
197
199
199
197
196
202
192
168
151
155
155
151
147
142
140
137
127
123
145
186
210
210
202
188
173
164
155
148
143
143
141
143
143
144
144
144
141
138
132
129
129
129
131
131
135
139
144
146
152
156
161
165
169
170
177
182
188
190
189
187
185
184
178
172
167
174
177
157
128
122
215
213
212
213
210
210
207
207
205
202
202
202
201
200
200
197
196
195
193
190
188
188
186
185
184
183
184
185
183
187
192
198
199
197
197
200
196
175
158
155
158
153
147
141
137
136
127
122
136
177
207
211
200
184
168
160
154
145
141
139
138
139
139
141
142
142
139
136
131
130
128
130
130
130
132
136
139
142
147
152
155
159
163
166
170
177
183
185
186
184
183
183
187
184
185
198
206
175
130
115
218
214
213
213
214
214
212
210
207
202
201
203
203
202
201
199
197
197
195
193
192
190
188
185
183
182
182
182
181
182
188
194
197
196
197
197
196
186
169
158
157
156
150
143
134
132
125
118
130
166
201
213
195
179
164
156
151
143
137
134
135
135
136
136
138
139
137
135
130
128
128
128
129
127
129
131
135
138
144
148
150
154
159
162
164
171
176
181
180
181
181
181
202
218
222
226
233
211
150
115
221
219
217
216
219
218
216
213
208
204
203
203
203
201
201
200
198
198
197
197
194
193
190
187
184
183
181
180
179
180
184
190
195
196
196
196
198
192
182
166
155
154
152
144
138
126
119
116
115
151
200
210
195
176
163
152
145
143
136
132
132
132
133
135
136
135
135
135
130
130
128
126
127
127
128
129
132
134
138
141
145
150
154
156
160
166
171
177
180
176
176
182
210
240
242
240
242
233
195
151
223
221
221
220
222
221
218
215
208
205
203
202
202
202
201
200
198
198
198
198
196
194
193
190
185
183
181
180
178
178
181
187
193
196
197
197
197
194
188
172
159
155
151
146
135
125
117
111
109
140
188
206
196
178
164
152
143
140
133
131
129
130
131
132
134
135
133
132
129
129
126
126
124
125
125
126
127
129
133
137
141
145
147
149
154
159
166
171
175
174
173
177
212
238
244
240
240
240
227
199
222
222
222
224
224
223
220
215
210
204
202
202
202
202
200
199
199
198
198
199
197
197
196
192
189
185
181
180
179
178
178
181
188
195
198
197
195
195
194
182
167
157
149
144
132
121
111
107
107
132
175
200
196
179
166
153
144
139
133
132
129
128
128
130
131
132
132
133
127
127
126
123
122
121
122
121
124
126
130
134
137
140
142
143
148
153
159
166
170
170
170
172
190
220
241
245
244
246
243
220
222
221
222
223
224
222
219
215
209
205
203
202
202
202
201
200
199
198
198
199
199
198
198
196
191
188
185
183
181
179
177
178
183
190
194
194
194
194
195
188
177
163
151
139
128
115
106
104
107
123
158
189
193
179
167
156
146
139
134
132
130
129
127
128
129
131
131
131
126
126
123
121
120
119
119
119
122
124
128
131
135
138
139
140
144
149
154
158
164
166
165
166
162
184
211
237
246
248
240
226
222
221
220
220
221
219
217
213
208
205
202
201
201
201
202
201
199
198
198
198
199
198
196
196
194
192
189
187
183
181
177
176
177
183
189
192
194
192
194
192
185
173
153
137
120
109
100
98
101
110
139
174
188
180
167
155
144
138
132
129
127
126
125
126
127
128
128
127
125
124
121
119
118
116
117
116
120
122
126
129
132
135
136
137
140
145
149
152
157
160
159
159
148
148
166
209
241
245
241
241
218
217
216
216
214
214
213
210
207
205
204
202
202
201
201
200
199
198
197
198
198
197
196
196
196
195
192
190
185
182
178
175
174
177
184
188
195
193
193
192
190
181
162
144
119
104
97
94
92
96
123
159
182
179
165
150
139
133
130
126
126
125
123
123
124
125
125
124
122
121
118
118
115
114
115
115
118
121
124
128
131
134
135
134
136
141
143
148
152
153
153
154
150
141
137
162
207
237
243
240
216
212
211
209
210
209
210
209
207
205
204
203
202
200
199
198
198
198
198
198
198
197
196
196
196
196
194
193
189
185
180
177
174
174
178
183
190
192
192
191
190
186
174
158
131
109
95
89
87
89
109
143
170
175
163
147
137
129
127
123
124
121
119
120
122
123
121
120
118
117
115
115
112
113
113
114
117
120
124
128
129
131
132
133
136
137
140
143
147
146
146
148
155
144
126
124
162
218
241
231
216
212
209
207
206
206
207
207
207
205
204
203
202
200
198
198
198
199
199
197
197
197
196
196
196
195
195
194
193
188
183
181
175
172
174
181
184
190
192
190
187
188
183
172
148
116
93
85
84
85
98
124
159
170
162
146
136
129
126
121
121
118
116
117
118
119
119
118
117
115
113
112
112
112
111
112
115
117
122
126
127
129
131
131
134
134
136
139
142
139
138
143
143
132
124
122
151
206
233
219
217
216
214
210
209
207
205
207
207
205
205
203
202
200
200
200
200
199
198
198
197
197
196
196
196
196
195
195
195
191
187
185
180
174
172
173
177
182
188
191
188
185
185
183
172
136
99
83
81
76
88
107
141
168
165
146
136
127
121
117
117
116
115
116
116
116
116
116
116
114
113
111
110
108
110
111
114
114
119
123
127
128
129
132
133
133
133
133
134
136
135
132
130
125
139
165
192
220
232
221
216
219
218
215
212
209
206
206
207
206
205
203
202
201
200
200
200
199
198
197
197
197
197
197
196
196
195
195
194
193
191
189
183
178
173
171
172
174
180
187
189
186
183
182
183
161
120
86
77
77
82
93
124
155
165
151
135
124
116
112
111
112
112
112
112
112
112
113
111
112
110
109
107
106
108
109
113
114
117
119
122
125
128
131
131
131
132
132
132
132
130
127
120
148
187
212
225
235
236
230
217
221
221
221
217
213
209
207
206
206
204
203
203
202
200
200
200
199
198
197
197
197
197
196
196
195
195
195
193
194
193
191
188
183
178
172
170
169
171
179
187
186
182
181
188
182
144
96
78
79
81
86
106
141
159
153
134
120
112
106
108
111
112
111
109
108
108
110
110
111
110
108
106
106
106
108
112
113
117
119
121
122
127
130
128
130
130
130
131
130
128
125
140
188
225
234
234
234
235
239
219
223
224
224
223
219
213
208
207
206
205
203
203
202
200
200
200
200
199
198
197
197
197
196
196
195
194
193
191
193
193
192
191
189
184
178
174
170
167
172
179
184
183
180
183
187
164
118
87
80
87
93
103
127
148
149
134
119
112
105
104
106
108
107
105
105
105
107
108
109
111
109
106
105
107
109
111
113
116
118
119
121
124
126
126
128
129
128
127
127
126
125
159
210
235
230
226
223
222
231
218
223
226
228
227
223
217
210
206
206
204
203
203
203
202
201
201
200
199
199
197
197
196
196
195
194
194
193
191
191
192
191
191
191
187
184
179
175
167
165
172
182
183
181
181
183
177
146
102
81
91
107
112
120
132
138
132
121
115
106
101
102
102
104
103
103
103
104
107
108
108
106
103
103
104
106
108
109
111
114
118
120
122
123
120
124
125
126
124
124
125
124
164
213
235
225
220
214
208
214
214
222
227
231
229
226
219
213
208
205
205
204
204
205
203
202
201
200
198
197
197
196
196
196
195
194
193
192
192
191
191
190
189
190
189
187
183
181
172
166
170
180
184
184
180
180
180
165
122
90
94
117
124
123
124
128
129
124
117
107
104
104
104
103
104
102
102
101
104
106
107
104
102
102
103
105
107
108
108
110
114
118
121
120
119
120
122
122
122
122
122
123
149
192
219
217
208
205
204
209
213
218
226
231
229
227
221
214
208
207
206
205
205
205
204
202
200
199
198
197
197
196
196
195
195
194
193
193
193
191
190
190
189
188
188
187
186
184
178
172
174
180
185
183
180
178
179
175
149
112
103
124
139
138
127
122
122
123
118
107
106
105
105
103
103
102
101
100
102
104
105
102
101
101
103
103
105
107
108
110
112
117
119
119
116
117
118
117
119
119
117
116
117
151
192
210
210
209
211
208
211
217
223
227
229
228
222
215
209
207
206
205
205
205
204
202
200
199
199
198
196
196
196
195
194
194
193
192
194
191
190
190
190
188
187
187
188
186
182
179
179
182
184
182
180
181
178
180
171
133
112
128
150
151
135
121
117
121
119
107
103
102
100
101
100
100
101
101
101
102
102
100
99
100
100
99
101
104
107
110
111
114
116
117
114
113
113
114
115
116
112
108
107
131
176
208
213
215
212
198
209
211
219
226
229
228
224
217
210
207
206
204
205
204
203
202
200
199
199
198
198
197
196
196
194
192
193
193
191
192
192
190
188
186
187
186
188
188
185
182
181
181
181
181
181
180
178
179
175
154
132
132
157
167
153
127
115
111
111
111
96
93
94
95
96
97
96
101
101
101
101
103
102
100
100
100
99
102
101
108
114
111
110
112
114
113
110
111
112
107
110
122
142
168
195
206
204
189
178
186
207
209
217
223
228
228
224
217
210
207
206
203
204
204
204
203
200
199
198
198
198
196
196
196
194
192
192
193
192
192
191
189
188
188
186
185
186
186
186
182
181
180
179
179
181
181
178
178
178
168
150
144
153
168
160
133
112
103
103
105
100
108
111
105
101
98
96
99
99
102
104
102
101
100
99
99
101
99
98
102
106
106
111
107
107
108
108
104
101
115
143
168
202
206
212
200
170
151
162
192
206
208
214
220
226
227
224
217
211
207
206
204
204
205
205
203
200
198
197
198
198
195
195
195
193
191
191
192
193
191
190
189
189
187
187
185
185
187
186
183
181
179
178
176
178
179
177
176
179
178
167
155
150
168
171
146
115
97
99
108
125
149
161
152
132
110
98
101
104
106
104
101
103
104
99
96
93
96
107
120
124
128
130
121
108
102
100
102
120
163
202
216
207
205
193
159
129
141
181
218
207
208
214
220
226
227
225
219
212
208
205
203
204
205
205
204
200
198
197
197
196
195
194
194
192
191
190
191
191
190
188
188
188
187
187
186
186
185
184
183
181
179
178
176
175
175
176
173
175
180
175
163
153
165
174
156
122
95
102
126
170
197
213
207
183
144
110
97
99
103
104
104
107
104
93
90
96
121
150
174
183
182
178
166
146
132
128
143
178
212
216
192
169
164
142
114
124
175
213
226
208
207
213
219
225
227
227
222
213
209
205
203
204
205
205
204
201
198
197
197
195
194
193
192
191
190
190
190
190
189
188
188
185
185
185
186
185
185
184
183
181
179
177
176
175
174
176
175
174
178
177
168
161
160
168
160
130
100
108
150
205
227
233
232
222
186
139
104
93
98
103
106
107
101
88
91
120
166
204
221
226
218
212
210
203
196
199
212
220
204
163
125
104
97
83
92
150
213
228
220
208
207
211
215
223
227
229
225
215
209
207
204
204
205
205
204
201
198
197
196
195
193
192
191
190
190
189
190
191
191
190
188
185
184
183
183
185
182
182
181
180
178
176
176
175
174
176
177
174
176
177
174
165
155
160
160
140
111
122
173
218
238
238
234
236
219
184
148
120
107
100
97
100
94
92
111
160
208
233
231
222
214
219
229
240
242
244
237
198
142
100
83
76
72
65
83
149
210
228
229
209
209
210
213
221
226
229
227
218
210
207
206
204
204
205
203
201
199
197
196
194
193
191
191
190
189
188
190
191
190
189
188
186
184
183
182
182
181
181
182
181
178
176
175
176
174
174
176
176
176
176
175
166
157
156
157
146
124
131
181
221
239
239
237
238
236
227
208
178
146
116
97
87
81
95
139
198
230
237
219
207
211
226
241
250
250
251
230
173
120
91
79
77
78
72
72
103
157
199
227
212
210
210
213
219
225
229
226
219
212
208
206
205
204
204
203
201
199
197
196
194
193
191
190
190
189
188
190
190
188
188
187
187
185
184
182
181
180
181
182
182
179
175
175
176
176
174
175
175
177
177
175
170
162
158
153
150
131
133
176
223
235
238
241
242
240
247
243
234
197
157
119
88
72
99
163
214
230
226
206
200
214
238
248
248
247
253
237
197
167
136
100
79
75
76
67
62
81
117
146
210
210
209
211
216
222
226
224
218
211
208
206
205
205
203
203
202
200
198
197
194
193
192
191
190
188
188
188
190
189
186
187
188
188
187
184
180
181
181
182
181
179
177
176
175
174
174
175
176
176
176
175
171
167
163
158
137
115
117
165
221
238
239
243
246
240
244
248
246
232
204
165
110
72
109
183
230
222
202
191
206
229
242
251
247
251
249
242
237
231
191
126
74
68
73
57
45
40
41
47
212
211
210
210
215
219
224
222
216
210
207
206
204
203
203
202
201
199
198
196
194
193
192
192
191
189
188
188
189
188
187
187
188
187
186
184
182
182
181
181
180
179
178
177
175
175
175
175
177
176
176
174
171
169
165
159
133
92
84
134
205
233
241
243
246
243
244
242
244
238
228
207
151
100
125
196
227
210
193
198
222
240
244
245
248
251
249
246
245
251
220
143
71
54
59
49
37
28
23
18
212
210
209
209
213
217
220
218
213
208
207
205
203
203
202
201
200
199
197
196
194
194
193
193
192
190
188
188
189
188
187
187
187
186
185
184
184
183
182
180
179
179
178
177
176
175
175
176
176
176
176
173
171
170
167
166
146
95
65
94
168
215
242
247
245
245
248
245
237
231
232
229
188
143
152
196
213
198
196
215
239
248
245
244
245
247
244
250
249
253
224
140
65
44
48
43
32
29
26
20
212
210
209
209
210
214
216
214
210
208
206
204
203
202
201
200
200
198
197
196
195
194
194
193
193
191
189
189
189
189
187
186
185
185
185
185
185
185
183
181
181
179
177
176
175
175
174
176
176
177
175
175
170
169
168
173
177
146
101
92
138
185
221
237
244
246
244
240
232
225
223
219
201
180
181
195
195
191
200
222
238
242
242
241
243
245
243
248
251
252
208
122
57
45
47
40
28
27
28
28
211
210
209
210
209
213
213
212
208
207
206
205
203
202
200
199
198
198
197
196
195
194
194
195
193
190
189
189
190
189
187
185
185
184
185
186
185
186
186
183
183
180
177
175
173
173
173
174
177
177
175
175
171
166
167
182
204
203
169
141
136
156
179
209
237
248
243
235
227
220
212
205
197
195
194
192
184
185
191
204
216
227
234
237
240
242
244
244
254
244
173
90
46
49
48
40
30
27
25
26
212
210
209
209
210
210
211
210
208
207
205
203
201
201
199
198
198
197
197
196
196
195
195
195
193
191
190
190
190
189
186
185
184
184
185
185
185
186
187
185
184
182
177
174
171
171
171
172
174
174
174
173
168
163
171
190
215
225
213
192
170
161
160
181
211
229
230
228
217
209
201
195
193
194
193
186
185
185
181
181
188
204
224
237
242
246
254
254
245
197
111
54
45
54
49
40
32
30
26
27
212
210
208
209
209
209
210
207
206
206
205
203
202
201
199
198
198
197
197
196
196
195
194
194
193
191
190
190
190
189
186
185
185
184
184
184
185
187
187
186
185
183
178
175
171
170
170
171
171
172
172
170
165
163
172
188
213
221
223
215
207
196
188
189
197
202
204
207
206
201
195
193
195
193
189
185
186
187
180
171
171
181
205
229
241
243
244
229
185
116
59
46
54
57
49
41
29
27
24
23
212
210
209
208
209
209
209
208
205
205
204
202
203
202
200
199
198
198
198
197
197
195
193
194
192
191
190
190
188
188
186
185
185
185
183
182
185
187
187
185
185
184
180
175
170
170
169
170
170
170
169
168
167
166
169
181
206
216
221
222
221
222
226
222
214
207
201
200
197
198
197
193
190
188
185
188
185
184
176
169
167
168
186
211
221
223
196
151
93
43
36
50
53
53
48
46
30
27
27
24
210
207
208
208
209
209
207
207
206
205
204
202
203
203
201
201
201
201
200
198
196
195
194
193
193
192
190
189
188
189
187
186
184
183
183
183
183
184
186
185
185
185
181
177
173
168
166
167
167
166
166
170
170
165
164
170
184
202
214
222
226
230
238
243
240
223
207
201
197
197
198
194
190
186
184
184
186
185
180
170
161
155
162
184
196
184
141
96
65
51
54
52
51
47
48
37
32
28
27
24
210
208
209
209
208
208
207
207
205
205
203
203
203
203
201
201
202
201
200
199
198
195
194
193
194
193
190
189
188
188
187
185
184
183
183
183
183
183
184
184
185
186
182
178
173
168
165
165
164
163
163
165
167
166
164
164
168
179
195
207
221
230
239
242
237
228
214
202
199
199
198
194
189
186
185
185
186
185
179
166
156
150
155
173
184
178
154
135
124
110
93
71
52
44
46
37
31
26
25
25
210
208
208
208
207
207
208
206
205
205
205
204
203
203
203
202
201
200
199
199
198
196
195
194
194
194
191
190
189
188
188
186
184
183
181
182
183
183
181
181
183
185
183
180
174
169
164
162
161
160
161
161
162
164
162
160
160
170
182
191
198
203
207
205
197
194
196
194
196
198
197
195
191
189
188
186
189
187
181
164
152
149
156
175
202
205
195
192
191
176
147
111
68
49
41
38
36
30
28
26
210
209
209
208
207
207
207
206
205
205
205
205
203
203
203
203
202
201
200
199
198
197
196
195
195
194
192
191
190
189
189
187
185
183
182
182
183
182
180
180
182
184
183
180
176
171
164
161
159
158
158
159
161
162
160
160
168
182
190
189
179
168
161
153
146
158
180
194
199
198
197
195
192
191
191
190
188
184
175
158
147
147
158
180
202
214
211
209
210
206
187
154
95
58
41
38
39
33
29
26
210
209
210
209
206
206
206
206
206
205
206
206
205
204
203
203
203
202
201
200
199
198
197
195
194
193
193
192
191
190
190
188
185
183
181
181
184
182
180
180
180
182
181
181
179
172
166
160
158
157
158
159
157
158
157
159
176
200
210
205
187
166
153
150
155
172
192
201
202
201
197
192
190
191
192
192
188
181
169
154
144
143
155
181
200
209
206
206
206
211
209
190
140
84
49
37
36
30
28
27
210
210
209
207
206
207
207
206
206
205
206
206
205
205
203
203
203
203
202
201
199
199
197
195
193
192
193
193
191
190
190
188
185
183
181
180
183
182
180
180
179
179
178
179
177
174
167
162
157
156
157
157
154
156
153
156
173
201
217
223
213
201
195
202
213
222
214
198
192
192
193
191
192
192
190
188
186
177
166
155
149
147
156
177
200
203
202
206
204
211
224
223
193
115
56
34
34
30
29
27
212
210
210
208
206
207
206
206
206
205
206
205
205
205
204
204
203
203
202
201
200
199
196
194
192
191
191
192
191
191
190
188
185
182
181
180
182
182
182
180
178
178
176
177
176
174
170
164
160
157
156
156
153
154
152
150
159
180
203
216
221
221
223
230
236
233
216
199
191
192
191
192
193
191
188
185
180
171
164
159
160
160
166
182
199
203
205
214
217
225
239
235
187
108
51
33
34
32
30
25
213
210
209
207
206
207
207
206
206
205
206
206
205
205
205
203
203
203
202
201
200
199
195
194
193
191
190
190
192
193
191
189
185
184
181
180
182
182
182
180
178
176
176
177
176
175
173
167
161
157
156
154
155
153
151
148
148
155
174
192
202
205
208
208
205
201
201
207
209
203
197
190
186
185
183
182
177
171
166
165
174
181
185
196
201
203
204
209
215
220
213
186
130
71
41
39
37
30
27
24
214
208
206
210
204
206
208
206
206
206
205
205
205
205
204
203
203
202
202
202
200
198
196
194
192
190
188
185
188
193
194
193
190
187
182
182
180
182
181
180
178
178
177
176
176
175
172
170
168
162
154
149
151
150
151
147
144
146
147
157
162
159
149
142
155
181
208
226
231
220
201
188
187
190
187
185
185
182
178
177
187
196
201
204
201
206
204
186
173
162
132
93
58
50
41
38
37
34
28
24
214
209
207
207
206
207
208
207
207
206
206
206
205
204
204
203
203
202
202
201
200
198
196
193
191
188
184
182
184
190
194
193
193
189
183
182
180
181
181
180
179
177
175
174
176
174
172
169
166
162
153
144
144
144
145
143
142
138
133
135
120
110
106
120
157
202
227
242
240
231
209
193
198
200
201
207
210
203
195
190
194
203
207
205
205
206
200
170
123
82
55
43
43
44
44
41
38
31
26
25
214
208
210
208
206
208
208
207
207
207
206
205
204
204
204
203
203
203
201
202
198
197
195
192
189
185
182
180
182
184
188
191
192
192
189
182
179
179
179
181
181
177
173
173
175
175
172
168
166
163
152
141
136
137
140
140
142
137
127
124
117
119
139
171
212
241
248
252
242
230
208
202
215
221
222
231
234
227
217
205
193
192
200
205
206
211
209
176
111
51
33
39
44
45
46
41
35
28
26
26
213
209
209
206
206
208
207
207
207
207
205
204
204
204
205
204
203
203
201
201
199
197
195
191
189
185
180
178
180
177
179
183
187
192
192
184
179
177
178
181
181
175
173
174
174
175
171
167
168
165
154
142
134
133
135
139
141
139
132
135
147
173
203
234
252
253
249
245
239
219
203
211
230
238
239
242
245
244
239
223
194
168
170
188
199
201
194
157
101
57
43
49
53
50
45
38
34
29
24
23
214
215
210
208
210
209
207
207
208
207
205
204
204
204
204
204
203
203
200
200
198
197
194
192
188
184
180
178
178
174
175
176
177
185
191
191
181
177
176
178
178
173
171
172
171
173
169
166
167
168
159
147
136
131
132
135
136
134
135
144
178
219
238
250
253
251
253
240
216
205
205
219
234
244
248
247
248
253
252
242
208
156
130
141
163
156
132
96
65
51
47
47
51
47
43
38
36
31
25
21
197
213
210
211
210
208
206
206
207
207
205
205
205
204
204
204
202
202
201
199
198
197
193
190
186
182
179
178
175
175
176
173
169
171
182
192
185
179
176
176
176
172
170
170
169
170
167
165
164
165
161
154
141
133
132
132
132
130
134
146
181
224
235
236
238
235
224
186
162
184
214
232
238
245
248
246
249
253
253
253
233
171
109
82
91
85
69
52
47
49
51
51
48
47
44
39
34
29
26
23
162
196
199
198
199
200
202
206
208
207
205
205
205
204
204
203
202
200
198
197
196
195
193
188
185
180
177
175
173
174
174
173
165
161
168
184
186
181
175
174
173
170
167
167
167
167
165
164
162
162
159
157
144
137
131
128
129
129
129
135
164
192
202
198
194
181
150
107
114
179
233
245
244
245
247
246
246
248
249
253
250
207
123
51
35
39
41
43
48
49
49
48
48
48
44
37
32
28
27
24
142
183
190
182
187
191
197
205
209
208
205
203
205
204
203
203
200
198
198
197
196
195
192
187
181
178
174
172
173
173
172
171
166
156
158
171
185
181
176
174
172
170
168
166
167
167
165
163
162
160
158
157
145
137
128
122
123
125
121
122
136
143
146
134
122
106
75
53
100
191
251
253
246
246
245
249
246
248
250
252
254
234
150
52
24
34
43
47
51
50
47
50
47
46
41
37
33
28
25
21
153
178
180
182
187
187
189
198
207
208
207
205
204
203
205
204
201
198
197
198
193
190
188
184
179
176
173
172
172
168
168
169
166
160
154
151
170
182
182
172
169
168
166
168
167
165
162
161
160
158
156
154
148
136
124
120
121
120
117
114
118
115
111
100
84
69
53
54
116
204
254
254
250
247
247
246
249
245
247
252
254
239
164
63
29
38
44
46
46
48
49
46
45
44
41
37
32
27
23
21
171
184
182
185
189
189
191
195
202
208
208
204
204
205
204
203
201
197
196
195
191
189
185
181
178
174
170
169
171
167
166
166
164
160
154
146
155
173
182
176
169
165
164
166
166
164
161
160
160
157
155
153
146
136
124
117
116
116
114
112
114
109
105
99
93
84
72
71
121
201
250
253
249
247
246
248
251
248
247
249
253
243
163
64
30
38
43
46
47
49
49
47
46
43
40
37
32
27
23
20
184
187
183
187
189
192
191
192
198
205
208
205
206
205
202
201
198
195
193
190
187
185
181
177
174
170
167
167
164
165
163
160
160
162
157
144
142
160
177
176
168
163
162
162
163
161
159
158
157
155
153
151
146
137
124
115
113
114
112
108
106
105
108
106
104
93
79
72
117
190
241
251
250
248
247
249
249
248
249
248
253
234
148
61
33
36
41
44
47
47
47
47
47
43
39
35
32
27
22
18
185
185
184
188
190
192
194
195
196
201
203
204
204
204
200
198
196
193
188
185
181
178
174
172
168
165
162
161
159
159
159
157
158
160
157
146
138
147
162
169
167
162
159
157
158
158
158
156
155
154
152
150
151
137
123
114
111
109
105
101
99
103
103
100
95
84
73
71
105
173
227
244
250
249
246
244
241
244
251
254
253
212
116
45
33
34
37
41
44
45
45
47
46
43
40
35
31
27
22
18
187
181
184
187
189
193
198
200
201
199
200
201
203
202
198
195
194
191
185
180
174
172
170
168
164
161
158
156
157
156
156
155
155
156
154
148
138
135
142
157
164
164
156
151
155
156
156
155
154
151
150
150
150
138
122
112
104
96
93
96
100
103
99
93
87
81
80
85
116
171
217
237
245
247
239
226
223
231
247
249
233
170
82
33
33
33
34
37
40
42
43
45
45
42
39
35
32
26
22
17
190
184
185
185
188
193
200
204
204
199
197
197
199
199
196
193
191
189
182
178
169
167
164
162
161
158
155
152
153
152
153
154
152
152
153
150
140
131
130
143
160
163
155
149
152
152
154
154
153
150
150
150
147
136
123
105
86
76
79
90
99
100
93
94
101
110
126
134
159
191
215
228
234
235
223
201
191
205
219
210
168
106
51
34
34
32
32
34
37
38
41
43
41
41
38
34
31
25
21
17
190
185
185
183
189
193
198
203
203
200
197
196
197
196
195
191
189
185
178
174
166
163
159
159
157
155
152
151
150
148
149
150
151
152
152
150
140
134
127
132
149
159
155
150
148
149
150
150
149
149
147
145
140
134
115
90
68
59
68
80
89
95
98
114
139
161
183
195
197
209
210
210
209
210
200
183
169
177
180
155
108
66
44
40
35
34
34
33
34
36
38
39
37
38
37
34
30
25
20
17
191
183
185
183
188
194
197
200
201
202
199
194
193
195
194
190
185
183
177
169
163
159
157
155
154
152
151
150
150
148
147
147
148
152
152
146
139
138
128
123
137
150
152
150
147
146
145
146
147
147
144
141
136
129
106
74
52
48
59
71
81
102
128
162
190
202
210
211
208
206
198
189
182
181
183
178
176
172
159
132
98
78
65
48
37
36
35
33
33
35
37
37
35
35
36
33
28
24
19
17
191
190
182
185
186
189
194
196
198
201
201
197
193
188
193
193
186
180
176
168
161
156
153
153
149
148
148
146
146
146
145
146
149
150
149
145
142
137
130
122
121
135
149
149
146
144
145
143
144
144
137
135
138
124
92
60
39
43
50
64
88
135
174
199
215
216
210
202
199
190
178
165
157
163
176
184
188
183
172
156
143
132
106
77
55
40
33
34
32
33
34
33
32
34
34
32
28
22
20
17
196
194
185
180
180
184
192
195
196
199
202
202
192
186
189
192
188
182
175
166
161
156
153
152
150
147
147
145
143
143
143
145
145
146
146
143
144
138
131
122
117
125
138
142
141
139
140
139
139
141
136
136
136
117
81
54
41
43
50
73
128
176
209
213
211
207
203
195
179
169
156
147
147
160
180
192
195
189
184
177
173
166
146
122
86
58
38
34
31
28
30
32
32
32
32
32
28
22
20
19
201
199
192
181
177
180
189
194
194
196
202
205
193
186
187
190
187
181
175
167
161
154
152
150
147
145
144
142
144
143
144
144
145
145
145
142
142
138
133
126
118
118
128
137
138
136
137
136
135
137
134
137
131
103
67
51
46
46
62
102
164
199
215
208
202
195
185
173
159
147
136
134
147
170
189
197
195
188
184
185
186
181
169
155
129
92
56
38
31
27
27
27
28
28
29
31
28
23
20
21
205
203
198
187
179
181
187
193
194
193
199
205
198
189
187
188
184
179
174
169
161
155
152
151
148
144
143
141
144
143
144
142
143
145
143
141
137
135
134
131
122
117
121
130
135
134
135
133
133
135
136
135
122
87
58
50
47
54
89
144
193
204
202
195
185
171
156
143
134
126
120
123
144
175
193
198
197
188
183
182
182
182
177
170
158
132
93
56
36
28
27
25
26
26
28
30
26
22
22
27
206
204
202
194
184
182
186
191
193
192
198
202
202
195
190
187
183
177
173
170
163
156
151
150
146
145
143
141
143
142
142
141
141
141
140
137
135
133
134
132
125
116
114
120
128
130
133
133
131
133
135
130
105
73
54
46
46
71
127
179
198
192
180
168
154
136
126
120
119
119
113
113
132
170
194
200
199
192
186
182
182
183
183
178
173
162
132
87
52
35
27
24
25
25
28
29
26
23
28
35
206
203
205
199
189
183
183
189
191
193
198
200
202
199
194
191
184
178
172
170
163
155
150
150
146
145
143
141
141
142
142
140
140
139
138
135
135
134
133
131
128
118
113
115
126
129
129
130
129
133
130
117
88
62
48
39
54
104
165
198
192
178
155
141
129
120
115
112
106
104
97
97
123
168
195
199
196
192
188
183
183
184
183
179
174
173
155
121
81
46
28
23
26
26
25
26
25
27
36
46
204
204
204
202
191
184
183
188
191
194
198
201
202
202
198
193
187
179
172
169
163
156
150
149
145
145
143
142
142
143
143
142
141
140
137
134
133
135
132
131
129
121
114
114
122
126
126
126
127
128
120
95
68
51
46
51
89
148
188
192
170
151
130
122
119
115
113
108
100
92
81
81
110
157
193
201
196
191
188
187
185
185
182
178
173
172
163
146
115
72
39
27
25
23
23
25
28
36
51
64
203
204
204
201
194
187
183
188
191
195
200
201
202
203
200
193
187
181
175
170
164
155
149
148
145
144
143
142
140
142
142
141
140
137
136
133
130
135
133
130
129
121
112
112
120
122
121
121
120
123
110
78
55
43
50
77
137
183
192
175
154
136
124
130
134
133
134
132
118
107
89
79
94
135
178
199
195
189
185
186
185
183
179
175
173
172
167
160
140
98
55
32
25
25
24
25
33
48
66
78
203
202
202
201
196
191
187
188
193
196
199
200
202
202
200
196
189
177
168
171
168
154
151
150
145
144
142
142
143
143
141
139
136
134
133
132
132
136
135
129
126
118
111
111
117
118
117
117
120
114
89
63
50
48
75
129
178
194
181
160
140
131
140
158
165
168
170
164
154
143
123
103
98
119
160
191
194
189
185
184
185
185
181
176
173
170
168
168
155
126
85
45
25
21
23
29
47
66
74
83
203
201
199
199
196
193
191
191
195
196
199
199
202
204
201
198
191
180
173
173
169
160
154
148
146
145
142
143
140
140
139
139
137
135
134
134
132
131
127
125
125
118
110
107
111
114
117
119
114
93
67
51
55
82
130
174
195
189
168
151
141
145
167
186
193
193
190
183
178
172
161
143
126
129
152
178
189
187
183
184
185
184
181
175
172
171
169
170
164
149
113
63
27
22
28
43
64
80
85
88
205
203
199
196
196
195
194
195
195
196
198
198
201
202
203
197
190
185
180
172
169
163
158
151
147
145
141
142
141
141
141
138
137
135
134
133
135
131
127
124
121
109
98
95
95
98
102
102
91
71
58
61
89
135
184
205
195
174
159
153
155
172
194
204
206
205
200
192
183
182
179
173
160
150
161
178
186
183
183
183
185
184
181
177
174
172
171
169
169
165
138
91
45
34
38
56
75
86
88
86
206
204
198
194
193
194
194
195
195
196
198
199
201
203
203
198
191
191
186
175
160
154
155
157
155
150
144
143
138
138
137
136
134
133
131
128
128
126
124
121
115
101
87
81
74
72
71
74
76
75
87
109
147
179
204
199
182
167
162
168
183
200
211
213
212
207
199
193
187
182
179
178
174
165
167
175
183
182
184
184
184
182
181
179
176
172
171
171
166
164
151
121
82
61
57
67
75
83
84
82
206
204
196
192
189
192
194
196
196
196
198
200
203
204
206
200
195
197
193
181
151
132
133
144
147
146
142
140
134
133
130
128
128
129
126
122
123
119
117
116
113
103
89
78
65
58
58
74
98
122
146
170
185
196
198
189
179
175
177
187
203
215
220
219
219
212
201
197
194
187
179
178
175
172
171
171
179
182
185
185
183
181
180
180
176
172
171
171
165
161
160
145
119
92
80
76
75
79
80
82
208
203
195
188
187
191
194
197
198
198
199
200
204
206
207
202
198
197
196
189
158
118
97
100
107
113
122
134
143
139
135
130
127
126
122
117
115
104
102
113
121
123
113
100
89
81
86
114
152
179
194
199
196
194
189
185
183
186
192
201
214
220
221
219
218
213
203
199
193
189
184
180
179
177
174
173
175
179
184
186
183
180
177
177
174
174
172
168
165
165
163
153
138
117
100
86
76
76
76
79
210
204
194
184
183
187
192
197
198
200
200
202
203
207
208
204
201
197
195
196
179
131
85
65
67
73
94
130
155
152
144
136
131
129
125
120
106
94
99
126
151
163
160
153
143
134
144
170
194
208
210
203
197
192
190
188
185
189
198
206
217
223
221
217
214
211
207
204
197
194
191
187
182
178
175
172
174
177
181
185
184
182
179
176
174
176
171
167
166
164
160
154
148
135
119
97
83
77
75
76
212
206
195
183
176
182
188
195
198
201
201
202
205
210
210
207
203
198
196
203
194
152
97
59
53
55
79
131
161
157
150
142
136
134
131
128
118
107
121
158
187
198
198
194
187
180
189
206
210
212
211
204
200
194
195
193
185
187
198
205
211
217
217
212
207
208
206
203
201
198
194
192
188
183
179
176
174
176
181
183
185
183
180
178
173
176
168
166
166
160
157
157
151
145
131
110
92
85
78
79
212
209
199
181
173
173
184
195
199
203
202
202
206
209
208
203
201
200
200
199
197
174
124
75
53
54
80
120
142
145
145
138
135
134
131
137
140
157
178
201
214
214
210
203
197
198
203
209
213
216
216
211
208
203
196
193
191
190
195
199
206
207
209
210
208
206
205
204
201
202
200
196
191
186
181
176
172
173
176
181
182
181
178
176
174
174
173
171
165
162
158
155
152
147
136
122
107
96
87
82
212
210
200
184
172
170
179
191
199
204
201
202
206
210
210
205
201
202
201
201
193
185
151
97
55
56
79
103
112
122
134
133
131
129
136
153
178
202
220
225
221
217
213
202
198
197
200
208
217
222
224
221
214
206
199
197
195
193
194
198
197
200
206
207
205
205
203
201
200
201
200
197
191
185
180
175
170
168
171
175
178
179
179
179
176
175
173
169
166
162
160
157
153
148
143
131
117
105
96
89
212
211
203
189
173
165
172
186
198
203
200
202
206
210
211
207
203
201
202
203
197
192
171
117
66
60
79
84
80
95
115
125
127
134
152
180
212
229
235
230
224
221
217
206
201
196
198
211
222
228
229
227
220
213
204
201
201
199
196
196
191
196
203
206
204
202
202
198
199
199
199
198
193
188
179
173
167
165
165
170
175
177
178
178
176
176
174
169
166
162
160
157
153
151
146
138
126
116
106
98
213
211
207
196
176
163
167
182
196
200
200
204
208
211
212
207
203
201
202
200
201
194
178
140
93
77
82
78
70
76
96
119
137
151
175
205
224
229
229
230
229
227
222
212
201
195
196
212
225
232
232
230
223
216
208
205
205
203
200
198
192
196
202
207
206
204
202
199
200
201
199
198
195
189
181
175
168
165
163
165
168
171
173
172
175
173
173
169
167
164
161
159
155
151
148
142
135
127
116
106
210
211
210
202
182
164
164
179
192
198
200
205
211
212
211
207
204
202
199
197
195
194
190
170
139
114
99
84
69
63
83
120
156
177
194
214
221
227
231
235
234
228
222
214
202
193
195
211
225
233
233
232
227
220
213
209
209
207
204
202
196
198
203
208
209
209
208
206
205
203
201
199
196
192
185
180
171
167
161
160
162
165
166
167
171
171
172
169
168
166
164
161
159
154
149
146
140
135
126
115
210
209
212
207
191
170
164
176
188
195
198
205
210
211
211
206
204
201
198
197
192
195
194
189
179
161
128
93
67
60
83
133
176
196
204
211
221
229
234
235
233
228
221
212
201
193
195
208
222
230
233
233
228
222
216
211
210
208
205
202
196
198
204
210
213
216
216
215
210
208
204
200
197
194
189
186
178
170
162
157
158
159
162
165
168
169
170
170
170
168
167
164
161
155
151
148
145
140
131
121
210
211
213
211
199
175
164
172
183
193
197
205
209
210
210
207
203
201
199
198
197
194
192
191
193
188
149
98
66
66
100
153
190
204
207
214
226
234
237
236
232
228
220
208
198
193
193
203
215
224
229
229
225
221
214
210
210
208
204
200
195
195
203
212
218
222
223
220
215
212
207
202
199
196
192
189
181
175
166
160
158
158
160
162
164
167
169
168
167
167
168
168
163
159
154
149
145
141
136
128
210
211
216
212
204
177
162
168
181
191
196
203
208
210
211
208
204
202
201
201
201
195
196
195
193
189
151
96
68
76
116
168
195
204
209
219
226
235
240
239
232
222
212
202
192
189
192
200
212
220
224
224
222
217
210
208
208
207
203
199
193
195
204
215
223
227
227
223
218
215
210
204
199
196
193
190
182
178
170
165
161
159
159
159
161
164
167
167
165
166
168
169
168
163
157
150
144
142
141
135
212
211
210
213
204
182
164
163
177
188
193
201
206
211
209
205
206
204
203
204
204
197
198
192
183
180
150
99
75
97
138
176
195
203
213
223
233
237
239
236
227
217
202
191
184
186
191
201
212
219
221
222
219
213
209
208
206
205
201
198
194
196
207
219
229
233
230
227
221
217
212
207
201
198
194
192
187
182
177
172
168
163
159
158
160
162
165
166
165
165
165
166
165
166
161
156
149
147
142
137
211
208
209
215
206
181
162
161
174
183
189
197
204
210
209
206
206
205
204
204
205
200
200
192
179
172
146
103
93
119
154
182
194
203
214
225
232
235
236
230
221
209
193
181
177
182
191
202
212
218
220
219
215
212
206
205
204
202
199
195
195
202
213
225
234
235
233
229
223
219
214
208
203
200
196
195
190
185
182
179
174
168
165
163
161
161
162
162
161
161
162
164
166
167
165
162
156
152
145
140
212
210
208
214
206
176
156
159
170
178
183
192
200
208
209
208
206
204
205
207
206
205
203
193
175
162
138
114
114
139
163
178
190
201
212
224
228
229
227
221
210
198
184
174
174
179
188
201
211
218
219
219
214
211
205
204
203
201
198
195
195
205
217
229
236
237
234
230
226
222
216
211
205
200
197
195
191
188
183
182
178
171
166
165
162
161
161
160
160
160
159
160
165
166
168
166
162
157
150
145
213
212
210
210
196
163
147
155
169
177
180
189
198
206
208
208
205
204
205
207
205
206
204
193
174
153
134
122
131
148
162
171
187
200
209
217
220
218
214
207
197
188
177
172
172
177
187
199
210
216
218
217
213
210
205
200
200
200
198
195
197
207
220
230
236
237
234
230
228
224
218
211
207
201
197
196
191
188
183
180
176
171
166
164
160
159
158
158
157
157
158
157
162
165
166
165
162
159
156
152
